//Maya ASCII 2016 scene
//Name: chair.ma
//Last modified: Tue, Nov 01, 2016 12:31:48 PM
//Codeset: 1252
requires maya "2016";
currentUnit -l centimeter -a degree -t film;
fileInfo "application" "maya";
fileInfo "product" "Maya 2016";
fileInfo "version" "2016";
fileInfo "cutIdentifier" "201508242200-969261";
fileInfo "osv" "Microsoft Windows 8 Business Edition, 64-bit  (Build 9200)\n";
fileInfo "license" "student";
createNode transform -s -n "persp";
	rename -uid "2CE10669-442E-B0A2-13F9-7AB50E7D52AC";
	setAttr ".v" no;
	setAttr ".t" -type "double3" 35.997661952803249 32.51694956668991 24.582206858782651 ;
	setAttr ".r" -type "double3" -29.138352730576869 54.599999999999476 -2.7452598438517786e-015 ;
createNode camera -s -n "perspShape" -p "persp";
	rename -uid "DCF753C8-48C8-8BCE-5C58-AC88AC2DBBA9";
	setAttr -k off ".v" no;
	setAttr ".fl" 34.999999999999993;
	setAttr ".coi" 50.560608525003083;
	setAttr ".imn" -type "string" "persp";
	setAttr ".den" -type "string" "persp_depth";
	setAttr ".man" -type "string" "persp_mask";
	setAttr ".tp" -type "double3" -1.1920928955078125e-007 7.8979700589552522 -1 ;
	setAttr ".hc" -type "string" "viewSet -p %camera";
createNode transform -s -n "top";
	rename -uid "72A9ED98-40E3-2142-16C8-549A622846E6";
	setAttr ".v" no;
	setAttr ".t" -type "double3" -1.1920928955078125e-007 100.9621927968051 -0.99999999999997935 ;
	setAttr ".r" -type "double3" -89.999999999999986 0 0 ;
createNode camera -s -n "topShape" -p "top";
	rename -uid "9AC2DE58-4BC5-7115-C669-DDB59B98E702";
	setAttr -k off ".v" no;
	setAttr ".rnd" no;
	setAttr ".coi" 100.1;
	setAttr ".ow" 18.17548697604273;
	setAttr ".imn" -type "string" "top";
	setAttr ".den" -type "string" "top_depth";
	setAttr ".man" -type "string" "top_mask";
	setAttr ".hc" -type "string" "viewSet -t %camera";
	setAttr ".o" yes;
createNode transform -s -n "front";
	rename -uid "44191984-45A5-CCD9-96D1-BCA4EDA1BDCF";
	setAttr ".v" no;
	setAttr ".t" -type "double3" -1.1920928955078125e-007 7.8979700589552522 100.53025764391937 ;
createNode camera -s -n "frontShape" -p "front";
	rename -uid "1F931C68-4EBB-C437-141E-979A29E8EB11";
	setAttr -k off ".v" no;
	setAttr ".rnd" no;
	setAttr ".coi" 100.1;
	setAttr ".ow" 37.983028842843552;
	setAttr ".imn" -type "string" "front";
	setAttr ".den" -type "string" "front_depth";
	setAttr ".man" -type "string" "front_mask";
	setAttr ".hc" -type "string" "viewSet -f %camera";
	setAttr ".o" yes;
createNode transform -s -n "side";
	rename -uid "DC7EA276-4205-5342-CBA7-B09044DC1FB1";
	setAttr ".v" no;
	setAttr ".t" -type "double3" 101.66722505770282 7.8979700589552522 -0.99999999999997746 ;
	setAttr ".r" -type "double3" 0 89.999999999999986 0 ;
createNode camera -s -n "sideShape" -p "side";
	rename -uid "6E9695BF-4539-06D9-85C1-0086440D1EA5";
	setAttr -k off ".v" no;
	setAttr ".rnd" no;
	setAttr ".coi" 100.1;
	setAttr ".ow" 37.945899782391116;
	setAttr ".imn" -type "string" "side";
	setAttr ".den" -type "string" "side_depth";
	setAttr ".man" -type "string" "side_mask";
	setAttr ".hc" -type "string" "viewSet -s %camera";
	setAttr ".o" yes;
createNode transform -n "chair";
	rename -uid "3ADC0558-4B3D-246B-0218-158DE9C33117";
	setAttr ".rp" -type "double3" -1.1920928955078125e-007 7.8979700589552522 -1 ;
	setAttr ".sp" -type "double3" -1.1920928955078125e-007 7.8979700589552522 -1 ;
createNode mesh -n "chairShape" -p "chair";
	rename -uid "E965DF23-4B4C-0E3F-C4DE-A88255B66A0D";
	setAttr -k off ".v";
	setAttr ".iog[0].og[0].gcl" -type "componentList" 1 "f[0:771]";
	setAttr ".vir" yes;
	setAttr ".vif" yes;
	setAttr ".pv" -type "double2" 0.5 0.5 ;
	setAttr ".uvst[0].uvsn" -type "string" "map1";
	setAttr -s 1078 ".uvst[0].uvsp";
	setAttr ".uvst[0].uvsp[0:249]" -type "float2" 0.6077103 0.25 0.6077103 0.248634
		 0.625 0.248634 0.625 0.25 0.6077103 0.5 0.6077103 0.4926942 0.625 0.49269426 0.625
		 0.5 0.60771024 0.50136608 0.625 0.50136608 0.62499994 0.7573058 0.6077103 0.75730574
		 0.6077103 0.75 0.625 0.75 0.86769426 0.25 0.86769426 0.24863395 0.875 0.24863395
		 0.875 0.25 0.125 0.24863395 0.1323058 0.24863395 0.13230576 0.25 0.125 0.25 0.6077103
		 0.0011325246 0.62499994 0.001132595 0.8676942 0.0011325245 0.875 0.0011325245 0.625
		 0.74886745 0.6077103 0.74886739 0.125 0.0011325245 0.1323058 0.0011325948 0.38516733
		 0.7573058 0.38516739 0.75 0.38516739 0.74886739 0.38516733 0.50136608 0.38516739
		 0.5 0.38516739 0.49269426 0.38516739 0.25 0.38516739 0.248634 0.38516739 0.0011325246
		 0.38516739 0.26383358 0.6077103 0.26383355 0.625 0.26383346 0.63883346 0.25 0.63883346
		 0.248634 0.63883358 0.0011325246 0.625 0.98616642 0.6077103 0.98616654 0.38516739
		 0.98616654 0.36116642 0.001132595 0.36116642 0.248634 0.36116654 0.25 0.375 0.7573058
		 0.375 0.98616642 0.375 0.75 0.375 0.50136608 0.375 0.74886745 0.375 0.5 0.375 0.49269426
		 0.375 0.26383346 0.375 0.248634 0.375 0.25 0.375 0.001132595 0.6077103 1 0.625 1
		 0.38516739 1 0.375 1 0.375 0 0.38516739 0 0.6077103 0 0.625 0 0.63883358 0 0.8676942
		 0 0.875 0 0.125 0 0.1323058 0 0.36116642 0 0.625 0.49269426 0.625 0.5 0.6077103 0.5
		 0.38516739 0.5 0.625 0.26383346 0.375 0.5 0.375 0.49269426 0.375 0.26383346 0.375
		 0.25 0.38516739 0.25 0.6077103 0.25 0.625 0.25 0.625 0.62511677 0.875 0.12488323
		 0.86769426 0.12488323 0.63883352 0.12488326 0.625 0.12488329 0.6077103 0.12488326
		 0.38516739 0.12488326 0.375 0.12488329 0.36116642 0.12488329 0.1323058 0.12488327
		 0.125 0.12488323 0.375 0.62511677 0.38516736 0.62511671 0.60771024 0.62511671 0.6077103
		 0.25 0.6077103 0.248634 0.625 0.248634 0.625 0.25 0.6077103 0.5 0.6077103 0.4926942
		 0.625 0.49269426 0.625 0.5 0.60771024 0.50136608 0.6077103 0.5 0.625 0.5 0.625 0.50136608
		 0.62499994 0.7573058 0.6077103 0.75730574 0.6077103 0.75 0.625 0.75 0.86769426 0.25
		 0.86769426 0.24863395 0.875 0.24863395 0.875 0.25 0.125 0.24863395 0.1323058 0.24863395
		 0.13230576 0.25 0.125 0.25 0.625 0.12488329 0.6077103 0.12488326 0.6077103 0.0011325246
		 0.62499994 0.001132595 0.875 0.12488323 0.86769426 0.12488323 0.8676942 0.0011325245
		 0.875 0.0011325245 0.625 0.74886745 0.6077103 0.74886739 0.60771024 0.62511671 0.625
		 0.62511677 0.125 0.0011325245 0.1323058 0.0011325948 0.1323058 0.12488327 0.125 0.12488323
		 0.38516733 0.7573058 0.38516739 0.75 0.38516739 0.74886739 0.38516736 0.62511671
		 0.38516733 0.50136608 0.38516739 0.5 0.38516739 0.5 0.38516739 0.49269426 0.38516739
		 0.25 0.38516739 0.248634 0.38516739 0.12488326 0.38516739 0.0011325246 0.38516739
		 0.26383358 0.6077103 0.26383355 0.625 0.26383346 0.63883346 0.25 0.63883346 0.248634
		 0.63883352 0.12488326 0.63883358 0.0011325246 0.625 0.98616642 0.6077103 0.98616654
		 0.38516739 0.98616654 0.36116642 0.12488329 0.36116642 0.001132595 0.36116642 0.248634
		 0.36116654 0.25 0.375 0.7573058 0.375 0.98616642 0.375 0.75 0.375 0.62511677 0.375
		 0.74886745 0.375 0.5 0.375 0.50136608 0.375 0.49269426 0.375 0.5 0.375 0.26383346
		 0.375 0.248634 0.375 0.25 0.375 0.001132595 0.375 0.12488329 0.375 0.25 0.38516739
		 0.25 0.6077103 0.25 0.625 0.25 0.6077103 1 0.625 1 0.38516739 1 0.375 1 0.375 0 0.38516739
		 0 0.6077103 0 0.625 0 0.63883358 0 0.8676942 0 0.875 0 0.125 0 0.1323058 0 0.36116642
		 0 0.625 0.49269426 0.625 0.26383346 0.375 0.49269426 0.375 0.26383346 0.95960301
		 1 0.95960301 0.97321498 0.99993634 0.97321361 0.99987155 0.99983132 0.97321498 1
		 0.97321498 0 1 0 1 1 0.95960301 1 0.95960301 0 0.99994528 6.3133812e-005 1 1 0 0.96250302
		 0.040397499 0.96250302 0.040396988 1 0 1 1 0.97321498 0.95960248 0.97321498 0.95960301
		 1 0.999879 0.99981886 0.97321498 0 0.97321498 1 1 1 1 0 0.95960301 0 0.95960301 1
		 1 1 0.99994016 5.6421326e-005 0.040396988 1 0.040396988 0.96250302 0 0.96250302 0
		 1 1 0 1 1 0.97321463 1 0 1 0 0 0 0 0 1 1 7.7790406e-005 1 1 0.95960248 1 0 1 0 0
		 0 0 0 1;
	setAttr ".uvst[0].uvsp[250:499]" 1 0.96250302 1 0.96250302 1 1 1 1 0.040396988
		 1 0 1 0 0.96250278 0 0 0 1 0 1 0 0 0.97321498 1 0.97321498 1 1 1 1 1 1 0 1 0 0 0
		 0 1 0 1 0 0 0.95960301 1 0.95960301 1 1 1 1 1 0.9999994 -0.012704829 0.99999869 0.013286646
		 0 0.96250302 0 0.96250302 0 1 0 1 0.040396988 1 0.040396988 1 1 1 1 0.96250302 1
		 0.96250302 1 1 0 1 0 0 0.97321498 1 1 1 1 0 0 1 0 0 0.95960301 1 1 1 0.99999386 0.001414268
		 0 0.96250302 0 1 0.040396988 1 1 0.96250302 1 1 0 0 0 1 0 1 0 0 0.97321498 1 1 1
		 1 0 0 0 0 1 0 1 0 0 0.95960301 1 1 1 0.99997234 0.00011464939 0 0.96250302 0 1 0.040397499
		 1 1 1 1 0.96250302 1 0.96250302 1 1 1 0.96250302 1 1 0.040396988 1 0 1 0 0.96250302
		 1 0.00018326734 1 1 0.95960301 1 0 1 0 0 1 0 1 1 0.97321498 1 0 1 0 0 1 0 1 0 1 0
		 1 0 1 0 0 0 0.040396988 0 0 5.861888e-005 0 0.0060539423 0 0.0014796413 0 -0.010148169
		 4.0344557e-006 0.00012649286 3.8346254e-005 0.00014252585 9.717873e-005 0.00010410852
		 0.040396988 0 1 0 1 0 1 0 0.51219362 1 0.51219368 1 0.281683 1 0.28168312 1 0.51219368
		 1 0.281683 1 0.281683 0 0.51219368 0 0.99990106 0.51220715 0.95960301 0.5121938 0.95960301
		 0.28168321 0.99988341 0.28170395 1 0.281683 0.95960283 0.281683 0.95960271 0.51219368
		 1 0.51219368 0.281683 0 0.281683 1 0.51219368 1 0.51219368 0 0.281683 1 0.51219368
		 1 0.281683 1 0.51219368 1 0.281683 1 0.51219368 1 0.281683 1 0.51219368 1 0.50540149
		 1 0.50540185 1 0.051200673 1 0.051200543 1 0.50540185 1 0.051200673 1 0.051200673
		 0 0.50540185 0 0.051200673 1 0.051200673 0.97321498 0.50540185 0.97321498 0.50540185
		 1 0.051200673 0.28168321 0.50540185 0.28168321 0.50540185 0.5121938 0.051200673 0.5121938
		 0.49459848 0.96250302 0.49459815 0 0.94879931 0 0.94879943 0.96250302 0.49459815
		 1 0.94879931 1 0.94879931 1 0.49459815 1 0.94879931 1 0.49459815 1 0.49459815 1 0.49459815
		 1 0.94879931 1 0.94879931 1 0.49459815 1 0.94879931 1 0.49459848 1 0.94879943 1 0.49459815
		 1 0.94879931 1 0.94879931 0.96250302 0.49459815 0.96250302 0.49459815 0 0.94879931
		 0 0.50540167 0.51219368 0.50540173 0.281683 0.051200636 0.281683 0.051200606 0.51219368
		 0.50540185 1 0.50540149 0.97321498 0.051200543 0.97321498 0.051200673 1 0.051200673
		 0 0.051200673 1 0.50540185 1 0.50540185 0 0.051200673 1 0.50540185 1 0.051200673
		 1 0.50540185 1 0.051200673 1 0.50540185 1 0.051200673 1 0.50540185 1 0 0.97321498
		 0 1 0 0.281683 0 0.51219368 0 0.281683 0 0.51219368 0 0.97321498 0 1 0.05117261 1
		 0.051172324 1 0.051172324 1 0.051172324 0 0 0 0.051200673 0 0.051200673 0.051172629
		 0 0.051172324 0.50540185 0 0.50540185 0.051172629 0.99986577 0.051200736 0.95960301
		 0.051172629 0.95960301 0 0.99975955 0.00016276653 0.95960301 0 0.95960301 0.051172324
		 1 0.051172324 1 0 0.051200673 0 0.051200666 0.051172324 0.50540185 0.051172324 0.50540185
		 0 0 0 0 0.051172324 0.051172324 1 0.051172324 0 0.051172324 1 0.051172324 1 0.051172324
		 1 0.051172324 1 0 0 1 0 1 1 -0.34047663 0.87703943 0 0 1.00063359737 -0.0042970935
		 1.9373492 0.79136276 0 1 0.25 1 0.25 0 0.5 0 0.5 1 -0.41151398 -0.006674401 1 0 1
		 1 -0.40983549 1.056110382 0 0 2.23100615 -0.0066197286;
	setAttr ".uvst[0].uvsp[500:749]" 2.22931957 1.056125879 0 1 0.25 1 0.25 0 0.5
		 0 0.5 1 -0.41031241 0.357467 1 0 1 1 -0.28920376 1.090284705 0 0 2.23112988 0.35675132
		 1.99975979 1.08812809 0 1 0.25 1 0.25 0 0.5 0 0.5 1 -0.29008493 0.062527217 1 0 1
		 1 -0.8007229 0.81717068 0 0 2.00035476685 0.063039824 2.96168017 0.81833279 0 1 0.25
		 1 0.25 0 0.5 0 0.5 1 -0.80181521 0.033813547 1 0 1 1 -0.79990053 1.078691483 0 0
		 2.96763277 0.03371625 2.97238278 1.078708053 0 1 0.25 1 0.25 0 0.5 0 0.5 1 -0.79510486
		 1.35665929 1 0 0.28925511 2.21335459 -0.79727751 2.32443857 0 0 2.94570208 1.42981088
		 2.95750928 2.39489794 1.89130032 2.24544859 0.23429355 2.24323034 0.25 0 0.5 0 0.5080449
		 2.261271 0.74270415 1 0.74270433 1 0.74270433 1 0.74270433 1 0.74270433 1 0.74270433
		 1 0.74270433 1 0.74270433 0 0 0.74270433 0.051200576 0.74270433 0.50540161 0.74270433
		 0.95960259 0.74270433 1 0.74270433 0.75 0 0.75 1 0.75 0 0.75 1 0.75 0 0.75 1 0.75
		 0 0.75 1 0.75 0 0.75 1 0.75 0 0.78179622 2.2793119 0.9999187 0.74271035 0.95960301
		 0.74270439 0.50540185 0.74270439 0.051200673 0.74270439 0 0.74270433 0.74270433 0
		 0.74270433 1 0 0 -0.039457794 2.22518945 0 0 0 1 0 0 0 1 0 0 0 1 0 0 0 1 0 0 0 1
		 1 0 1 1 1 0 1 1 1 0 1 1 1 0 1 1 1 0 1 1 1 0 1.055547595 2.29735279 0.6077103 0.25
		 0.6077103 0.248634 0.625 0.248634 0.625 0.25 0.6077103 0.5 0.6077103 0.4926942 0.625
		 0.49269426 0.625 0.5 0.60771024 0.50136608 0.6077103 0.5 0.625 0.5 0.625 0.50136608
		 0.62499994 0.7573058 0.6077103 0.75730574 0.6077103 0.75 0.625 0.75 0.86769426 0.25
		 0.86769426 0.24863395 0.875 0.24863395 0.875 0.25 0.125 0.24863395 0.1323058 0.24863395
		 0.13230576 0.25 0.125 0.25 0.625 0.12488329 0.6077103 0.12488326 0.6077103 0.0011325246
		 0.62499994 0.001132595 0.875 0.12488323 0.86769426 0.12488323 0.8676942 0.0011325245
		 0.875 0.0011325245 0.625 0.74886745 0.6077103 0.74886739 0.60771024 0.62511671 0.625
		 0.62511677 0.125 0.0011325245 0.1323058 0.0011325948 0.1323058 0.12488327 0.125 0.12488323
		 0.38516733 0.7573058 0.38516739 0.75 0.38516739 0.74886739 0.38516736 0.62511671
		 0.38516733 0.50136608 0.38516739 0.5 0.38516739 0.5 0.38516739 0.49269426 0.38516739
		 0.25 0.38516739 0.248634 0.38516739 0.12488326 0.38516739 0.0011325246 0.38516739
		 0.26383358 0.6077103 0.26383355 0.625 0.26383346 0.63883346 0.25 0.63883346 0.248634
		 0.63883352 0.12488326 0.63883358 0.0011325246 0.625 0.98616642 0.6077103 0.98616654
		 0.38516739 0.98616654 0.36116642 0.12488329 0.36116642 0.001132595 0.36116642 0.248634
		 0.36116654 0.25 0.375 0.7573058 0.375 0.98616642 0.375 0.75 0.375 0.62511677 0.375
		 0.74886745 0.375 0.5 0.375 0.50136608 0.375 0.49269426 0.375 0.5 0.375 0.26383346
		 0.375 0.248634 0.375 0.25 0.375 0.001132595 0.375 0.12488329 0.375 0.25 0.38516739
		 0.25 0.6077103 0.25 0.625 0.25 0.6077103 1 0.625 1 0.38516739 1 0.375 1 0.375 0 0.38516739
		 0 0.6077103 0 0.625 0 0.63883358 0 0.8676942 0 0.875 0 0.125 0 0.1323058 0 0.36116642
		 0 0.625 0.49269426 0.625 0.5 0.625 0.49269426 0.6077103 0.5 0.38516739 0.5 0.625
		 0.26383346 0.625 0.26383346 0.375 0.5 0.375 0.49269426 0.375 0.49269426 0.375 0.26383346
		 0.375 0.26383346 0.38516739 0.25 0.375 0.25 0.6077103 0.25 0.625 0.25 0.6077103 0.25
		 0.6077103 0.248634 0.625 0.248634 0.625 0.25 0.6077103 0.5 0.6077103 0.4926942 0.625
		 0.49269426 0.625 0.5 0.60771024 0.50136608 0.6077103 0.5 0.625 0.5 0.625 0.50136608
		 0.62499994 0.7573058 0.6077103 0.75730574 0.6077103 0.75 0.625 0.75 0.86769426 0.25
		 0.86769426 0.24863395 0.875 0.24863395 0.875 0.25 0.125 0.24863395 0.1323058 0.24863395
		 0.13230576 0.25 0.125 0.25 0.625 0.12488329 0.6077103 0.12488326;
	setAttr ".uvst[0].uvsp[750:999]" 0.6077103 0.0011325246 0.62499994 0.001132595
		 0.875 0.12488323 0.86769426 0.12488323 0.8676942 0.0011325245 0.875 0.0011325245
		 0.625 0.74886745 0.6077103 0.74886739 0.60771024 0.62511671 0.625 0.62511677 0.125
		 0.0011325245 0.1323058 0.0011325948 0.1323058 0.12488327 0.125 0.12488323 0.38516733
		 0.7573058 0.38516739 0.75 0.38516739 0.74886739 0.38516736 0.62511671 0.38516733
		 0.50136608 0.38516739 0.5 0.38516739 0.5 0.38516739 0.49269426 0.38516739 0.25 0.38516739
		 0.248634 0.38516739 0.12488326 0.38516739 0.0011325246 0.38516739 0.26383358 0.6077103
		 0.26383355 0.625 0.26383346 0.63883346 0.25 0.63883346 0.248634 0.63883352 0.12488326
		 0.63883358 0.0011325246 0.625 0.98616642 0.6077103 0.98616654 0.38516739 0.98616654
		 0.36116642 0.12488329 0.36116642 0.001132595 0.36116642 0.248634 0.36116654 0.25
		 0.375 0.7573058 0.375 0.98616642 0.375 0.75 0.375 0.62511677 0.375 0.74886745 0.375
		 0.5 0.375 0.50136608 0.375 0.49269426 0.375 0.5 0.375 0.26383346 0.375 0.248634 0.375
		 0.25 0.375 0.001132595 0.375 0.12488329 0.375 0.25 0.38516739 0.25 0.6077103 0.25
		 0.625 0.25 0.6077103 1 0.625 1 0.38516739 1 0.375 1 0.375 0 0.38516739 0 0.6077103
		 0 0.625 0 0.63883358 0 0.8676942 0 0.875 0 0.125 0 0.1323058 0 0.36116642 0 0.625
		 0.49269426 0.625 0.5 0.625 0.49269426 0.6077103 0.5 0.38516739 0.5 0.625 0.26383346
		 0.625 0.26383346 0.375 0.5 0.375 0.49269426 0.375 0.49269426 0.375 0.26383346 0.375
		 0.26383346 0.38516739 0.25 0.375 0.25 0.6077103 0.25 0.625 0.25 0.016005684 1 0.016005684
		 0 0.30308399 0 0.30308399 1 0.71226013 0 0.71226013 1 0.9876436 1 0.9876436 0 1 0
		 1 1 0.016005684 0 0.016005684 1 0.30308399 1 0.30308399 0 0.71226013 1 0.71226013
		 0 0.9876436 0 0.9876436 1 1 1 1 0 0.016005684 0 0.016005684 0 0.30308399 0 0.30308399
		 0 0.30308399 1 0.016005684 1 0.016005684 1 0.30308399 1 0 1 0 0 0 0 0 1 0.71226013
		 0 0.71226013 0 0.71226013 1 0.71226013 1 0.9876436 0 0.9876436 0 1 0 1 0 1 1 1 1
		 0.9876436 1 0.9876436 1 0 0 0 1 0 0 0 1 0 1 0 0 0.016005684 1 0.30308399 1 0.30308399
		 0 0.016005684 0 0.71226013 1 0.71226013 0 0.9876436 1 1 1 1 0 0.9876436 0 0.016005684
		 1 0.016005684 0 0.30308399 0 0.30308399 1 0.71226013 0 0.71226013 1 0.9876436 1 0.9876436
		 0 1 0 1 1 0.016005684 0 0.016005684 1 0.30308399 1 0.30308399 0 0.71226013 1 0.71226013
		 0 0.9876436 0 0.9876436 1 1 1 1 0 0.016005684 0 0.016005684 0 0.30308399 0 0.30308399
		 0 0.30308399 1 0.016005684 1 0.016005684 1 0.30308399 1 0 1 0 0 0 0 0 1 0.71226013
		 0 0.71226013 0 0.71226013 1 0.71226013 1 0.9876436 0 0.9876436 0 1 0 1 0 1 1 1 1
		 0.9876436 1 0.9876436 1 0 0 0 1 0 0 0 1 0 1 0 0 0.016005684 1 0.30308399 1 0.30308399
		 0 0.016005684 0 0.71226013 1 0.71226013 0 0.9876436 1 1 1 1 0 0.9876436 0 0.016005684
		 1 0.016005684 0 0.30308399 0 0.30308399 1 0.71226013 0 0.71226013 1 0.9876436 1 0.9876436
		 0 1 0 1 1 0.016005684 0 0.016005684 1 0.30308399 1 0.30308399 0 0.71226013 1 0.71226013
		 0 0.9876436 0 0.9876436 1 1 1 1 0 0.016005684 0 0.016005684 0 0.30308399 0 0.30308399
		 0 0.30308399 1 0.016005684 1 0.016005684 1 0.30308399 1 0 1 0 0 0 0 0 1 0.71226013
		 0 0.71226013 0 0.71226013 1 0.71226013 1 0.9876436 0 0.9876436 0 1 0 1 0 1 1 1 1;
	setAttr ".uvst[0].uvsp[1000:1077]" 0.9876436 1 0.9876436 1 0 0 0 1 0 0 0 1 0
		 1 0 0 0.016005684 1 0.30308399 1 0.30308399 0 0.016005684 0 0.71226013 1 0.71226013
		 0 0.9876436 1 1 1 1 0 0.9876436 0 0.016005684 1 0.016005684 0 0.30308399 0 0.30308399
		 1 0.71226013 0 0.71226013 1 0.9876436 1 0.9876436 0 1 0 1 1 0.016005684 0 0.016005684
		 1 0.30308399 1 0.30308399 0 0.71226013 1 0.71226013 0 0.9876436 0 0.9876436 1 1 1
		 1 0 0.016005684 0 0.016005684 0 0.30308399 0 0.30308399 0 0.30308399 1 0.016005684
		 1 0.016005684 1 0.30308399 1 0 1 0 0 0 0 0 1 0.71226013 0 0.71226013 0 0.71226013
		 1 0.71226013 1 0.9876436 0 0.9876436 0 1 0 1 0 1 1 1 1 0.9876436 1 0.9876436 1 0
		 0 0 1 0 0 0 1 0 1 0 0 0.016005684 1 0.30308399 1 0.30308399 0 0.016005684 0 0.71226013
		 1 0.71226013 0 0.9876436 1 1 1 1 0 0.9876436 0;
	setAttr ".cuvs" -type "string" "map1";
	setAttr ".dcc" -type "string" "Ambient+Diffuse";
	setAttr ".covm[0]"  0 1 1;
	setAttr ".cdvm[0]"  0 1 1;
	setAttr -s 790 ".pt";
	setAttr ".pt[0:165]" -type "float3"  3.4575026 -9.7699626e-015 -4.6974316 
		3.37976 -9.7699626e-015 -4.6974316 3.4575026 -9.7699626e-015 -4.6974316 3.3227437 
		-9.7699626e-015 -4.6974316 3.4575026 -9.7699626e-015 -4.6974316 3.3227437 -9.7699626e-015 
		-4.6974316 3.4575026 -9.7699626e-015 -4.6974316 3.37976 -9.7699626e-015 -4.6974316 
		3.4575026 -9.7699626e-015 -4.6974316 3.3230562 -9.7699626e-015 -4.6974316 3.323056 
		-9.7699626e-015 -4.6974316 3.4575026 -9.7699626e-015 -4.6974316 3.3851357 -9.7699626e-015 
		-4.6974316 3.3851357 -9.7699626e-015 -4.6974316 3.3323529 -9.7699626e-015 -4.6974316 
		3.3320639 -9.7699626e-015 -4.6974316 3.3320639 -9.7699626e-015 -4.6974316 3.3323529 
		-9.7699626e-015 -4.6974316 3.4575026 -9.7699626e-015 -4.6974316 3.3227437 -9.7699626e-015 
		-4.6974316 3.323056 -9.7699626e-015 -4.6974316 3.37976 -9.7699626e-015 -4.6974316 
		3.3851357 -9.7699626e-015 -4.6974316 3.4575026 -9.7699626e-015 -4.6974316 3.4575026 
		-9.7699626e-015 -4.6974316 3.4543414 -9.7699626e-015 -4.6974316 3.4543414 -9.7699626e-015 
		-4.6974316 3.4543414 -9.7699626e-015 -4.6974316 3.4520345 -9.7699626e-015 -4.6974316 
		3.4520218 -9.7699626e-015 -4.6974316 3.4520218 -9.7699626e-015 -4.6974316 3.4520345 
		-9.7699626e-015 -4.6974316 3.4575026 -9.7699626e-015 -4.6974316 3.3227437 -9.7699626e-015 
		-4.6974316 3.3230562 -9.7699626e-015 -4.6974316 3.37976 -9.7699626e-015 -4.6974316 
		3.3851357 -9.7699626e-015 -4.6974316 3.4543414 -9.7699626e-015 -4.6974316 3.4575026 
		-9.7699626e-015 -4.6974316 3.4575026 -9.7699626e-015 -4.6974316 3.4575026 -9.7699626e-015 
		-4.6974316 3.4543297 -9.7699626e-015 -4.6974316 3.3848975 -9.7699626e-015 -4.6974316 
		3.3795009 -9.7699626e-015 -4.6974316 3.3795006 -9.7699626e-015 -4.6974316 3.3795006 
		-9.7699626e-015 -4.6974316 3.3795006 -9.7699626e-015 -4.6974316 3.3848975 -9.7699626e-015 
		-4.6974316 3.4543297 -9.7699626e-015 -4.6974316 3.4575026 -9.7699626e-015 -4.6974316 
		3.4575026 -9.7699626e-015 -4.6974316 3.4575026 -9.7699626e-015 -4.6974316 3.3320639 
		-9.7699626e-015 -4.6974316 3.3320639 -9.7699626e-015 -4.6974316 3.3227437 -9.7699626e-015 
		-4.6974316 3.3227437 -9.7699626e-015 -4.6974316 3.4520218 -9.7699626e-015 -4.6974316 
		3.4520218 -9.7699626e-015 -4.6974316 3.4520218 -9.7699626e-015 -4.6974316 3.3320639 
		-9.7699626e-015 -4.6974316 3.3227437 -9.7699626e-015 -4.6974316 3.4575026 -9.7699626e-015 
		-4.6974316 3.4575026 -9.7699626e-015 -4.6974316 3.4575026 -9.7699626e-015 -4.6974316 
		3.4575026 -9.7699626e-015 -4.6974316 3.4520218 -9.7699626e-015 -4.6974316 3.3320639 
		-9.7699626e-015 -4.6974316 3.3227437 -9.7699626e-015 -4.6974316 3.3512781 -9.7699626e-015 
		-4.6974316 3.3512781 -9.7699626e-015 -4.6974316 3.3512781 -9.7699626e-015 -4.6974316 
		3.3512783 -9.7699626e-015 -4.6974316 3.3586245 -9.7699626e-015 -4.6974316 3.4531827 
		-9.7699626e-015 -4.6974316 3.4575026 -9.7699626e-015 -4.6974316 3.4575026 -9.7699626e-015 
		-4.6974316 3.4575026 -9.7699626e-015 -4.6974316 3.4575026 -9.7699626e-015 -4.6974316 
		3.4531827 -9.7699626e-015 -4.6974316 3.3586245 -9.7699626e-015 -4.6974316 2.6163774 
		-9.7699626e-015 -4.6974316 2.6163774 -9.7699626e-015 -4.6974316 2.6772566 -9.7699626e-015 
		-4.6974316 2.6772566 -9.7699626e-015 -4.6974316 2.5424981 -9.7699626e-015 -4.6974316 
		2.5424981 -9.7699626e-015 -4.6974316 2.5424981 -9.7699626e-015 -4.6974316 2.5424981 
		-9.7699626e-015 -4.6974316 2.6769238 -9.7699626e-015 -4.6974316 2.6769238 -9.7699626e-015 
		-4.6974316 2.5424981 -9.7699626e-015 -4.6974316 2.5424981 -9.7699626e-015 -4.6974316 
		2.6163774 -9.7699626e-015 -4.6974316 2.5424981 -9.7699626e-015 -4.6974316 2.5424981 
		-9.7699626e-015 -4.6974316 2.5424981 -9.7699626e-015 -4.6974316 2.6772566 -9.7699626e-015 
		-4.6974316 2.6769238 -9.7699626e-015 -4.6974316 2.5464363 -9.7699626e-015 -4.6974316 
		2.5464363 -9.7699626e-015 -4.6974316 2.5464265 -9.7699626e-015 -4.6974316 2.5446565 
		-9.7699626e-015 -4.6974316 2.5446565 -9.7699626e-015 -4.6974316 2.5446565 -9.7699626e-015 
		-4.6974316 2.5464265 -9.7699626e-015 -4.6974316 2.6163774 -9.7699626e-015 -4.6974316 
		2.5446565 -9.7699626e-015 -4.6974316 2.5424981 -9.7699626e-015 -4.6974316 2.5424981 
		-9.7699626e-015 -4.6974316 2.5424981 -9.7699626e-015 -4.6974316 2.6772566 -9.7699626e-015 
		-4.6974316 2.6769238 -9.7699626e-015 -4.6974316 2.6698 -9.7699626e-015 -4.6974316 
		2.6698 -9.7699626e-015 -4.6974316 2.6694856 -9.7699626e-015 -4.6974316 2.6122892 
		-9.7699626e-015 -4.6974316 2.6122892 -9.7699626e-015 -4.6974316 2.6122892 -9.7699626e-015 
		-4.6974316 2.6122892 -9.7699626e-015 -4.6974316 2.6694856 -9.7699626e-015 -4.6974316 
		2.6166527 -9.7699626e-015 -4.6974316 2.616653 -9.7699626e-015 -4.6974316 2.616653 
		-9.7699626e-015 -4.6974316 2.6166527 -9.7699626e-015 -4.6974316 2.61255 -9.7699626e-015 
		-4.6974316 2.5446656 -9.7699626e-015 -4.6974316 2.5424981 -9.7699626e-015 -4.6974316 
		2.5424981 -9.7699626e-015 -4.6974316 2.5424981 -9.7699626e-015 -4.6974316 2.5424981 
		-9.7699626e-015 -4.6974316 2.5446656 -9.7699626e-015 -4.6974316 2.61255 -9.7699626e-015 
		-4.6974316 2.5424981 -9.7699626e-015 -4.6974316 2.5464363 -9.7699626e-015 -4.6974316 
		2.5464363 -9.7699626e-015 -4.6974316 2.5424981 -9.7699626e-015 -4.6974316 2.5424981 
		-9.7699626e-015 -4.6974316 2.5464363 -9.7699626e-015 -4.6974316 2.6698 -9.7699626e-015 
		-4.6974316 2.6698 -9.7699626e-015 -4.6974316 2.6698 -9.7699626e-015 -4.6974316 2.5464363 
		-9.7699626e-015 -4.6974316 2.5424981 -9.7699626e-015 -4.6974316 2.6698 -9.7699626e-015 
		-4.6974316 2.6772566 -9.7699626e-015 -4.6974316 2.6772566 -9.7699626e-015 -4.6974316 
		2.6772566 -9.7699626e-015 -4.6974316 2.6772566 -9.7699626e-015 -4.6974316 2.5424981 
		-9.7699626e-015 -4.6974316 2.5455458 -9.7699626e-015 -4.6974316 2.6410182 -9.7699626e-015 
		-4.6974316 2.6467874 -9.7699626e-015 -4.6974316 2.6467874 -9.7699626e-015 -4.6974316 
		2.6467874 -9.7699626e-015 -4.6974316 2.6467874 -9.7699626e-015 -4.6974316 2.6410182 
		-9.7699626e-015 -4.6974316 2.5455456 -9.7699626e-015 -4.6974316 2.5424981 -9.7699626e-015 
		-4.6974316 2.5424981 -9.7699626e-015 -4.6974316 2.5424981 -9.7699626e-015 -4.6974316 
		2.6772571 -9.7699626e-015 -5.2597198 2.6721878 -9.7699626e-015 -4.6974316 3.3227434 
		-9.7699626e-015 -5.2597198 3.3282802 -9.7699626e-015 -4.6974316 2.6772571 -9.7699626e-015 
		-5.2597198 3.3227434 -9.7699626e-015 -5.2597198;
	setAttr ".pt[166:331]" 3.4575026 -9.7699626e-015 -5.2597198 3.488584 -9.7699626e-015 
		-4.6974316 2.5424981 -9.7699626e-015 -5.2597198 2.5114162 -9.7699626e-015 -4.6974316 
		2.6721883 -9.7699626e-015 -5.2597198 2.6721878 -9.7699626e-015 -4.6974316 3.3282802 
		-9.7699626e-015 -4.6974316 3.3282797 -9.7699626e-015 -5.2597198 3.3227434 -9.7699626e-015 
		-5.2597198 2.6772571 -9.7699626e-015 -5.2597198 3.488584 -9.7699626e-015 -4.6974316 
		3.4575026 -9.7699626e-015 -5.2597198 2.5424981 -9.7699626e-015 -5.2597198 2.5114162 
		-9.7699626e-015 -4.6974316 2.6927459 -9.7699626e-015 -5.2597198 3.3072546 -9.7699626e-015 
		-5.2597198 3.3282802 -9.7699626e-015 -4.6974316 2.6721883 -9.7699626e-015 -4.6974316 
		2.6927459 -9.7699626e-015 -5.2597198 3.3072546 -9.7699626e-015 -5.2597198 3.4355478 
		-9.7699626e-015 -5.2597198 3.4651392 -9.7699626e-015 -4.6974316 2.534862 -9.7699626e-015 
		-4.6974316 2.5644526 -9.7699626e-015 -5.2597198 2.6890466 -9.7699626e-015 -5.2597198 
		3.3109541 -9.7699626e-015 -5.2597198 3.3282802 -9.7699626e-015 -4.6974316 2.6721883 
		-9.7699626e-015 -4.6974316 2.6890466 -9.7699626e-015 -5.2597198 3.3109541 -9.7699626e-015 
		-5.2597198 3.4407911 -9.7699626e-015 -5.2597198 3.4707367 -9.7699626e-015 -4.6974316 
		2.5292635 -9.7699626e-015 -4.6974316 2.5592096 -9.7699626e-015 -5.2597198 2.6721883 
		-9.7699626e-015 -5.2597198 3.3282802 -9.7699626e-015 -5.2597198 3.3282802 -9.7699626e-015 
		-4.6974316 2.6721883 -9.7699626e-015 -4.6974316 2.6890466 -9.7699626e-015 -5.2597198 
		3.3109541 -9.7699626e-015 -5.2597198 3.4407911 -9.7699626e-015 -5.2597198 3.4707367 
		-9.7699626e-015 -4.6974316 2.5292635 -9.7699626e-015 -4.6974316 2.5592096 -9.7699626e-015 
		-5.2597198 2.6772571 -9.7699626e-015 -5.2597198 2.5424981 -9.7699626e-015 -5.2597198 
		2.5114162 -9.7699626e-015 -4.6974316 2.6721878 -9.7699626e-015 -4.6974316 3.3282802 
		-9.7699626e-015 -4.6974316 3.488584 -9.7699626e-015 -4.6974316 3.4575026 -9.7699626e-015 
		-5.2597198 3.3227434 -9.7699626e-015 -5.2597198 3.3227434 -9.7699626e-015 -5.2597198 
		2.6772571 -9.7699626e-015 -5.2597198 2.5475502 -9.7699626e-015 -5.2597198 2.5692637 
		-9.7699626e-015 -5.2597198 2.5640781 -9.7699626e-015 -5.2597198 2.5640781 -9.7699626e-015 
		-5.2597198 2.5344627 -9.7699626e-015 -4.6974316 2.5344627 -9.7699626e-015 -4.6974316 
		2.54 -9.7699626e-015 -4.6974316 2.5168121 -9.7699626e-015 -4.6974316 2.5168121 -9.7699626e-015 
		-4.6974316 2.5168121 -9.7699626e-015 -4.6974316 2.5475502 -9.7699626e-015 -5.2597198 
		2.5475502 -9.7699626e-015 -5.2597198 2.6890466 -9.7699626e-015 -5.2597198 2.6890466 
		-9.7699626e-015 -5.2597198 3.3109541 -9.7699626e-015 -5.2597198 3.3109541 -9.7699626e-015 
		-5.2597198 3.4407911 -9.7699626e-015 -5.2597198 3.4707367 -9.7699626e-015 -4.6974316 
		3.3282802 -9.7699626e-015 -4.6974316 2.6721883 -9.7699626e-015 -4.6974316 2.5344627 
		-9.7699626e-015 -4.6974316 2.5292635 -9.7699626e-015 -4.6974316 2.5592096 -9.7699626e-015 
		-5.2597198 2.5640781 -9.7699626e-015 -5.2597198 3.3087592 -9.7699626e-015 -5.2597198 
		3.3087592 -9.7699626e-015 -5.2597198 3.3087592 -9.7699626e-015 -5.2597198 3.3087592 
		-9.7699626e-015 -5.2597198 3.308759 -9.7699626e-015 -4.6974316 3.3087592 -9.7699626e-015 
		-4.6974316 3.3087595 -9.7699626e-015 -5.2597198 3.3087595 -9.7699626e-015 -5.2597198 
		3.3087595 -9.7699626e-015 -5.2597198 3.3087595 -9.7699626e-015 -5.2597198 3.3087592 
		-9.7699626e-015 -5.2597198 3.4885843 -9.7699626e-015 -4.6974316 3.488584 -9.7699626e-015 
		-4.6974316 3.4885843 -9.7699626e-015 -4.6974316 3.3282802 -9.7699626e-015 -4.6974316 
		3.308759 -9.7699626e-015 -4.6974316 2.6721878 -9.7699626e-015 -4.6974316 2.5168118 
		-9.7699626e-015 -4.6974316 2.5114162 -9.7699626e-015 -4.6974316 2.5114162 -9.7699626e-015 
		-4.6974316 2.5114162 -9.7699626e-015 -4.6974316 2.534862 -9.7699626e-015 -4.6974316 
		2.5292635 -9.7699626e-015 -4.6974316 2.5292635 -9.7699626e-015 -4.6974316 2.5292635 
		-9.7699626e-015 -4.6974316 2.5344627 -9.7699626e-015 -4.6974316 2.6721883 -9.7699626e-015 
		-4.6974316 3.3087592 -9.7699626e-015 -4.6974316 3.3282802 -9.7699626e-015 -4.6974316 
		3.4707367 -9.7699626e-015 -4.6974316 3.4707367 -9.7699626e-015 -4.6974316 3.4707367 
		-9.7699626e-015 -4.6974316 3.4651392 -9.7699626e-015 -4.6974316 3.4575026 -9.7699626e-015 
		-5.2597198 3.4575026 -9.7699626e-015 -5.2597198 3.4575026 -9.7699626e-015 -5.2597198 
		3.3282797 -9.7699626e-015 -5.2597198 3.3087592 -9.7699626e-015 -5.2597198 2.6721883 
		-9.7699626e-015 -5.2597198 2.5475502 -9.7699626e-015 -5.2597198 2.5424981 -9.7699626e-015 
		-5.2597198 2.5424981 -9.7699626e-015 -5.2597198 2.5424981 -9.7699626e-015 -5.2597198 
		2.5644526 -9.7699626e-015 -5.2597198 2.5592096 -9.7699626e-015 -5.2597198 2.5592096 
		-9.7699626e-015 -5.2597198 2.5592096 -9.7699626e-015 -5.2597198 2.5640781 -9.7699626e-015 
		-5.2597198 2.6721883 -9.7699626e-015 -5.2597198 3.3087595 -9.7699626e-015 -5.2597198 
		3.3282802 -9.7699626e-015 -5.2597198 3.4407911 -9.7699626e-015 -5.2597198 3.4407911 
		-9.7699626e-015 -5.2597198 3.4407911 -9.7699626e-015 -5.2597198 3.4355478 -9.7699626e-015 
		-5.2597198 2.7073977 -9.7699626e-015 -5.2597198 2.7073977 -9.7699626e-015 -5.2597198 
		2.7073977 -9.7699626e-015 -5.2597198 2.7073977 -9.7699626e-015 -5.2597198 2.7073977 
		-9.7699626e-015 -5.2597198 2.7073977 -9.7699626e-015 -4.6974316 2.7073977 -9.7699626e-015 
		-4.6974316 2.7073977 -9.7699626e-015 -4.6974316 2.7073977 -9.7699626e-015 -4.6974316 
		2.7073977 -9.7699626e-015 -5.2597198 2.7073977 -9.7699626e-015 -5.2597198 2.7073977 
		-9.7699626e-015 -5.2597198 2.7073977 -9.7699626e-015 -5.2597198 2.7073977 -9.7699626e-015 
		-5.2597198 2.7073977 -9.7699626e-015 -5.2597198 2.7073977 -9.7699626e-015 -4.6974316 
		3.3087595 -9.7699626e-015 -4.6974316 2.7073977 -9.7699626e-015 -4.6974316 3.308759 
		-9.7699626e-015 -4.6974316 2.7073977 -9.7699626e-015 -4.6974316 3.308759 -9.7699626e-015 
		-4.6974316 2.7073977 -9.7699626e-015 -4.6974316 3.3087592 -9.7699626e-015 -4.6974316 
		2.7073977 -9.7699626e-015 -4.6974316 3.308759 -9.7699626e-015 -4.6974316 3.0080781 
		-9.7699626e-015 -5.2597198 3.0080781 -9.7699626e-015 -5.2597198 3.0080781 -9.7699626e-015 
		-5.2597198 3.0080781 -9.7699626e-015 -5.2597198 3.0080781 -9.7699626e-015 -5.2597198 
		3.0080781 -9.7699626e-015 -5.2597198 3.0080781 -9.7699626e-015 -5.2597198 3.0080781 
		-9.7699626e-015 -5.2597198;
	setAttr ".pt[332:497]" 3.0080781 -9.7699626e-015 -4.6974316 3.0080781 -9.7699626e-015 
		-4.6974316 3.0080781 -9.7699626e-015 -4.6974316 3.0080779 -9.7699626e-015 -4.6974316 
		3.0080779 -9.7699626e-015 -4.6974316 3.0080779 -9.7699626e-015 -4.6974316 3.0080779 
		-9.7699626e-015 -4.6974316 3.0080781 -9.7699626e-015 -4.6974316 3.0080781 -9.7699626e-015 
		-4.6974316 3.0080781 -9.7699626e-015 -5.2597198 3.0080781 -9.7699626e-015 -5.2597198 
		3.0080781 -9.7699626e-015 -5.2597198 3.4730425 -9.7699626e-015 -4.6974316 3.4730425 
		-9.7699626e-015 -4.6974316 3.4503429 -9.7699626e-015 -4.6974316 3.4557631 -9.7699626e-015 
		-4.6974316 3.4557631 -9.7699626e-015 -4.6974316 3.4557631 -9.7699626e-015 -4.6974316 
		3.3282797 -9.7699626e-015 -4.6974316 3.3087592 -9.7699626e-015 -4.6974316 3.0080781 
		-9.7699626e-015 -4.6974316 2.7073977 -9.7699626e-015 -4.6974316 2.6721883 -9.7699626e-015 
		-4.6974316 2.5492706 -9.7699626e-015 -4.6974316 2.5442376 -9.7699626e-015 -4.6974316 
		2.5442376 -9.7699626e-015 -4.6974316 2.5442376 -9.7699626e-015 -4.6974316 2.5496576 
		-9.7699626e-015 -4.6974316 2.5269578 -9.7699626e-015 -4.6974316 2.5269578 -9.7699626e-015 
		-4.6974316 2.5269578 -9.7699626e-015 -4.6974316 2.5321817 -9.7699626e-015 -4.6974316 
		2.6721878 -9.7699626e-015 -4.6974316 2.7073977 -9.7699626e-015 -4.6974316 3.0080781 
		-9.7699626e-015 -4.6974316 3.3087592 -9.7699626e-015 -4.6974316 3.3282802 -9.7699626e-015 
		-4.6974316 3.4730425 -9.7699626e-015 -4.6974316 2.8577375 -9.7699626e-015 -5.2597198 
		2.8577375 -9.7699626e-015 -5.2597198 2.8577375 -9.7699626e-015 -5.2597198 2.8577375 
		-9.7699626e-015 -5.2597198 2.8577375 -9.7699626e-015 -5.2597198 2.8577375 -9.7699626e-015 
		-4.6974316 2.8577378 -9.7699626e-015 -4.6974316 2.8577378 -9.7699626e-015 -4.6974316 
		2.8577375 -9.7699626e-015 -4.6974316 2.8577375 -9.7699626e-015 -4.6974316 2.8577375 
		-9.7699626e-015 -4.6974316 2.8577375 -9.7699626e-015 -4.6974316 2.8577375 -9.7699626e-015 
		-4.6974316 2.8577375 -9.7699626e-015 -4.6974316 2.8577375 -9.7699626e-015 -4.6974316 
		2.8577375 -9.7699626e-015 -4.6974316 2.8577375 -9.7699626e-015 -5.2597198 2.8577375 
		-9.7699626e-015 -5.2597198 2.8577375 -9.7699626e-015 -5.2597198 2.8577375 -9.7699626e-015 
		-5.2597198 2.8577375 -9.7699626e-015 -5.2597198 2.8577375 -9.7699626e-015 -5.2597198 
		3.1584184 -9.7699626e-015 -5.2597198 3.1584184 -9.7699626e-015 -5.2597198 3.1584184 
		-9.7699626e-015 -5.2597198 3.1584184 -9.7699626e-015 -5.2597198 3.1584184 -9.7699626e-015 
		-5.2597198 3.1584184 -9.7699626e-015 -5.2597198 3.1584184 -9.7699626e-015 -5.2597198 
		3.1584184 -9.7699626e-015 -5.2597198 3.1584184 -9.7699626e-015 -4.6974316 3.1584184 
		-9.7699626e-015 -4.6974316 3.1584184 -9.7699626e-015 -4.6974316 3.1584184 -9.7699626e-015 
		-4.6974316 3.1584189 -9.7699626e-015 -4.6974316 3.1584189 -9.7699626e-015 -4.6974316 
		3.1584191 -9.7699626e-015 -4.6974316 3.1584189 -9.7699626e-015 -4.6974316 3.1584187 
		-9.7699626e-015 -4.6974316 3.1584187 -9.7699626e-015 -4.6974316 3.1584184 -9.7699626e-015 
		-4.6974316 3.1584184 -9.7699626e-015 -5.2597198 3.1584184 -9.7699626e-015 -5.2597198 
		3.1584184 -9.7699626e-015 -5.2597198 3.3836238 -9.7699626e-015 -5.2597198 3.3836238 
		-9.7699626e-015 -5.2597198 3.3227434 -9.7699626e-015 -5.2597198 3.3227434 -9.7699626e-015 
		-5.2597198 3.4575026 -9.7699626e-015 -5.2597198 3.4575026 -9.7699626e-015 -5.2597198 
		3.4575026 -9.7699626e-015 -5.2597198 3.4575026 -9.7699626e-015 -5.2597198 3.3230767 
		-9.7699626e-015 -5.2597198 3.3230767 -9.7699626e-015 -5.2597198 3.4575026 -9.7699626e-015 
		-5.2597198 3.4575026 -9.7699626e-015 -5.2597198 3.3836238 -9.7699626e-015 -5.2597198 
		3.4575026 -9.7699626e-015 -5.2597198 3.4575026 -9.7699626e-015 -5.2597198 3.4575026 
		-9.7699626e-015 -5.2597198 3.3227434 -9.7699626e-015 -5.2597198 3.3230767 -9.7699626e-015 
		-5.2597198 3.4535642 -9.7699626e-015 -5.2597198 3.4535642 -9.7699626e-015 -5.2597198 
		3.4535737 -9.7699626e-015 -5.2597198 3.455344 -9.7699626e-015 -5.2597198 3.455344 
		-9.7699626e-015 -5.2597198 3.455344 -9.7699626e-015 -5.2597198 3.4535739 -9.7699626e-015 
		-5.2597198 3.3836238 -9.7699626e-015 -5.2597198 3.455344 -9.7699626e-015 -5.2597198 
		3.4575026 -9.7699626e-015 -5.2597198 3.4575026 -9.7699626e-015 -5.2597198 3.4575026 
		-9.7699626e-015 -5.2597198 3.3227434 -9.7699626e-015 -5.2597198 3.3230767 -9.7699626e-015 
		-5.2597198 3.3302004 -9.7699626e-015 -5.2597198 3.3302004 -9.7699626e-015 -5.2597198 
		3.3305149 -9.7699626e-015 -5.2597198 3.3877115 -9.7699626e-015 -5.2597198 3.3877115 
		-9.7699626e-015 -5.2597198 3.3877115 -9.7699626e-015 -5.2597198 3.3877115 -9.7699626e-015 
		-5.2597198 3.3305149 -9.7699626e-015 -5.2597198 3.3833475 -9.7699626e-015 -5.2597198 
		3.3833473 -9.7699626e-015 -5.2597198 3.3833473 -9.7699626e-015 -5.2597198 3.3833475 
		-9.7699626e-015 -5.2597198 3.3874509 -9.7699626e-015 -5.2597198 3.4553351 -9.7699626e-015 
		-5.2597198 3.4575026 -9.7699626e-015 -5.2597198 3.4575026 -9.7699626e-015 -5.2597198 
		3.4575026 -9.7699626e-015 -5.2597198 3.4575026 -9.7699626e-015 -5.2597198 3.4553351 
		-9.7699626e-015 -5.2597198 3.3874509 -9.7699626e-015 -5.2597198 3.4575026 -9.7699626e-015 
		-5.2597198 3.4535642 -9.7699626e-015 -5.2597198 3.4575026 -9.7699626e-015 -5.2597198 
		3.4575026 -9.7699626e-015 -5.2597198 3.3302004 -9.7699626e-015 -5.2597198 3.4535642 
		-9.7699626e-015 -5.2597198 3.4575026 -9.7699626e-015 -5.2597198 3.3302004 -9.7699626e-015 
		-5.2597198 3.3227434 -9.7699626e-015 -5.2597198 3.3227434 -9.7699626e-015 -5.2597198 
		3.3227434 -9.7699626e-015 -5.2597198 3.3227434 -9.7699626e-015 -5.2597198 2.5424981 
		-9.7699626e-015 -5.2597198 2.6202412 -9.7699626e-015 -5.2597198 2.5424981 -9.7699626e-015 
		-5.2597198 2.6772571 -9.7699626e-015 -5.2597198 2.5424981 -9.7699626e-015 -5.2597198 
		2.6772571 -9.7699626e-015 -5.2597198 2.5424981 -9.7699626e-015 -5.2597198 2.6202412 
		-9.7699626e-015 -5.2597198 2.5424981 -9.7699626e-015 -5.2597198 2.676945 -9.7699626e-015 
		-5.2597198 2.676945 -9.7699626e-015 -5.2597198 2.5424981 -9.7699626e-015 -5.2597198 
		2.6148643 -9.7699626e-015 -5.2597198 2.6148643 -9.7699626e-015 -5.2597198 2.6676476 
		-9.7699626e-015 -5.2597198 2.667937 -9.7699626e-015 -5.2597198 2.667937 -9.7699626e-015 
		-5.2597198 2.6676476 -9.7699626e-015 -5.2597198 2.5424981 -9.7699626e-015 -5.2597198 
		2.6772571 -9.7699626e-015 -5.2597198;
	setAttr ".pt[498:663]" 2.676945 -9.7699626e-015 -5.2597198 2.6202412 -9.7699626e-015 
		-5.2597198 2.6148643 -9.7699626e-015 -5.2597198 2.5424981 -9.7699626e-015 -5.2597198 
		2.5424981 -9.7699626e-015 -5.2597198 2.5456603 -9.7699626e-015 -5.2597198 2.5456593 
		-9.7699626e-015 -5.2597198 2.5456603 -9.7699626e-015 -5.2597198 2.5479658 -9.7699626e-015 
		-5.2597198 2.5479786 -9.7699626e-015 -5.2597198 2.5479786 -9.7699626e-015 -5.2597198 
		2.5479655 -9.7699626e-015 -5.2597198 2.5424981 -9.7699626e-015 -5.2597198 2.6772571 
		-9.7699626e-015 -5.2597198 2.676945 -9.7699626e-015 -5.2597198 2.6202412 -9.7699626e-015 
		-5.2597198 2.6148643 -9.7699626e-015 -5.2597198 2.5456603 -9.7699626e-015 -5.2597198 
		2.5424981 -9.7699626e-015 -5.2597198 2.5424981 -9.7699626e-015 -5.2597198 2.5424981 
		-9.7699626e-015 -5.2597198 2.545671 -9.7699626e-015 -5.2597198 2.615103 -9.7699626e-015 
		-5.2597198 2.6204996 -9.7699626e-015 -5.2597198 2.6204996 -9.7699626e-015 -5.2597198 
		2.6204996 -9.7699626e-015 -5.2597198 2.6204996 -9.7699626e-015 -5.2597198 2.615103 
		-9.7699626e-015 -5.2597198 2.545671 -9.7699626e-015 -5.2597198 2.5424981 -9.7699626e-015 
		-5.2597198 2.5424981 -9.7699626e-015 -5.2597198 2.5424981 -9.7699626e-015 -5.2597198 
		2.667937 -9.7699626e-015 -5.2597198 2.6772571 -9.7699626e-015 -5.2597198 2.6772571 
		-9.7699626e-015 -5.2597198 2.5479786 -9.7699626e-015 -5.2597198 2.6772571 -9.7699626e-015 
		-5.2597198 2.5424981 -9.7699626e-015 -5.2597198 2.5424981 -9.7699626e-015 -5.2597198 
		2.5424981 -9.7699626e-015 -5.2597198 2.5424981 -9.7699626e-015 -5.2597198 2.5479786 
		-9.7699626e-015 -5.2597198 2.667937 -9.7699626e-015 -5.2597198 2.6772571 -9.7699626e-015 
		-5.2597198 3.4575026 -1.0658141e-014 -5.2597198 3.4535642 -1.0658141e-014 -5.2597198 
		3.4535642 -1.0658141e-014 -5.2597198 3.4575026 -1.0658141e-014 -5.2597198 3.4575026 
		-1.0658141e-014 -5.2597198 3.4535642 -1.0658141e-014 -5.2597198 3.3302007 -1.0658141e-014 
		-5.2597198 3.3302007 -1.0658141e-014 -5.2597198 3.3302004 -1.0658141e-014 -5.2597198 
